0.8071691131918929  
0.2828130135711276  
-1.6695338595688676  
0.46136715769239356  
-0.46587742345567745  
-0.9673196442827785  
-0.21712753802236195  
-2.8531355956485593  
-1.3959500948301389  
-0.519208031457248  
-1.840487293607923  
-2.8255076310604177  
0.333287539960875  
0.6705802857159645  
-0.12165005551733704  
0.2823018860139211  
-0.08410879272879267  
-1.1658876271485612  
1.336946364434417  
-0.2323881045168009  
1.212592209608158  
-0.28611360799296337  
0.5235052648473585  
-0.11455483990848216  
1.1961759209083074  
1.4774956668107118  
0.6962132080449684  
-0.26533224616932055  
-1.0294895458139535  
-0.17094877505768433  
0.3673008205183791  
-0.29330477961831264  
0.7847521954260962  
-0.08146975847496224  
0.13635554945827347  
0.6217946216143804  
0.23020472853701682  
0.10713198350376511  
0.4021877278792205  
0.8255121198698803  
-2.5512130887873785  
0.40231399072194707  
-0.16865103437141468  
-0.31220345957924206  
-0.5070510520658401  
1.513591415955141  
-1.49515382887037  
-0.7460401062435521  
-0.7261932408229039  
0.002955906627603017  
-0.4892292838106009  
-1.3337501292448406  
-1.919865377581637  
0.9323570125314525  
-0.37403174877544154  
0.4324638956186328  
1.127115402871604  
0.6854521749452874  
0.047788756982034976  
-0.6189409056655669  
0.7329200139328119  
0.09224331186324242  
-0.31115827375231814  
0.8441363415908668  
1.6893613828591942  
0.5374298540115777  
-0.45993388074410796  
0.1341576687148008  
0.5580037394832912  
0.3272781588973544  
0.32087442442323033  
0.5855429529889653  
-1.046028798680578  
-0.28447278275518195  
0.5759131622560424  
-0.718888325044893  
-1.0743093064951608  
0.5698422840574539  
1.000141226910172  
0.0040015357513736305  
0.6623727651358259  
0.11108779008229402  
0.3163292093414577  
0.6923737732583878  
-0.426328925586368  
0.4315285232244189  
0.2699231746380733  
0.8730111634785497  
-0.4242665054675178  
-0.8280982592607496  
-0.6656349147171721  
1.5288452848923937  
1.5309687956985902  
-1.3520441586121128  
0.11377194644859215  
0.9532947417399058  
-0.19014235672771776  
-0.9800865692184638  
-0.04211698428667814  
-0.7628992977586149  
-1.0782280193124572  
0.05383877623336677  
1.0298019538763936  
0.8875144174037669  
0.11038929376188304  
1.4428824392248913  
-0.4169937405952918  
0.5907748025532104  
-1.9517033656010996  
-0.9084929926219367  
0.4310333787666634  
-0.4352486967023374  
-0.9835441075818145  
0.4800422493047399  
-0.22647666636820238  
-0.20983681815924785  
1.0761668827032642  
-0.09275072631721266  
-0.3829652496380115  
-1.3205656905822794  
0.9062570461282796  
0.8206274035128635  
-0.877378047479353  
-0.7306638074975824  
0.39287061892724573  
-1.1305765623997122  
-0.5797683846391127  
-0.6788440369511318  
-0.18982588437976472  
-0.1808213109966926  
0.39072437076504524  
-0.21181865654491694  
0.46492700578047624  
-0.45433954550178723  
0.8240410317286977  
1.0220982810029295  
0.8391010603643995  
0.21516586712450864  
0.29382932215788204  
-1.088080278816437  
-0.829735660547948  
1.6755908470846  
0.8908352451797551  
2.531351831402593  
-1.4069650716710618  
-1.580059729088389  
-3.3406894742162914  
-0.38668081788136427  
0.5314828146921258  
1.8423325431144488  
-0.4158538278188219  
-0.21213184653568803  
-1.8664898989881966  
-0.6269954610749686  
1.141862615760326  
-0.5455682069518691  
0.023112559604364365  
2.4005205641307605  
0.1914876070718821  
-0.47605633877424625  
0.6412271771528057  
-1.1545274540065604  
-0.38478457254079773  
-0.8155458495718514  
-1.2558933140095792  
-1.2368347672632032  
-1.0589119561714624  
-0.6297054689054683  
-1.8731885430513195  
1.000023351023934  
0.2434608444398426  
0.34022535407311394  
1.348712465824428  
-0.568571600868063  
-0.08594578250605096  
-0.7056955941376227  
-0.009604608546973934  
0.1187930546072224  
-0.049109902652503874  
-0.4722528938325713  
-0.4688453220292592  
0.4963350175748323  
1.028629296852776  
-0.26254912303952815  
1.3067855513007656  
0.08081757095471408  
1.628093300544011  
-0.8927221755600481  
0.5782641033764219  
-1.762575510656442  
-0.7778403170379087  
0.6125054168002126  
0.12538931672518583  
-0.7309020900586285  
-0.7588152489862867  
1.1656300990581476  
-0.07315952856394765  
-0.45462916617775206  
0.8632075466870819  
-1.2186050670709896  
0.808572373521996  
-0.6707755819650051  
-0.6000624168191317  
0.3933065495883239  
1.6184995192641702  
-0.7428218826481257  
-1.648414067314188  
1.6241232562486656  
0.13358673547259203  
0.4839108731453621  
-1.9515372162697273  
1.1618683123598728  
1.2529394307660269  
-0.11099238598217814  
-0.34656716137229343  
1.3286986287421028  
-0.6238043684928248  
-1.044319332692281  
-1.4543265122458204  
0.004025233581385382  
1.1650379028658788  
-0.8290581722097167  
-0.626733183886038  
-1.6556826660835504  
1.0257922528367855  
-0.13481076378189763  
-1.080790804664052  
2.4124244891664497  
-1.2319174261580805  
-0.06754545281316936  
-0.05551874853434085  
1.3001841081671497  
-0.7830816175159955  
0.7393624181505828  
0.7259377169867001  
0.9108966841368212  
-0.010090649677406069  
-0.16327060075278776  
0.899829043900902  
0.7344944788104008  
0.30889555753911674  
-1.2076277982800827  
1.0871892181170584  
-0.8115480003318732  
-1.305181270642005  
0.06090749196980213  
0.30004225071985735  
-0.32340650208040755  
0.167377579114242  
-0.27528311180684567  
0.6502336252359343  
-0.014308142264405202  
-2.0651002281286646  
0.3538956503334123  
-0.4093404849924984  
0.30966430854971355  
1.1125120848184495  
1.080263151729844  
-0.7227242760913268  
0.748937530247977  
-0.294431249375337  
0.21120537130070643  
-1.7815411072045924  
-1.6566315589605267  
-0.6206841413310068  
-0.07690381995746336  
-0.16116285925023968  
0.49983906249608634  
0.7945475165850165  
0.837153761138891  
-1.1303678918914746  
0.524802724519402  
-0.23896588810506741  
0.3519852003029426  
-2.815406597970507  
-0.3555889700511053  
0.8663833189097856  
0.5081394067976758  
2.7235200229851744  
-0.8678236253327022  
-0.4139721982864423  
1.666178282779157  
-0.05292970600482357  
1.7791901672117443  
1.1269433917189882  
1.1299459152186295  
-1.3434389682188415  
-0.13841169179851381  
-0.936967240641122  
0.37870619191216315  
0.28398161038256164  
0.34928095411297316  
0.09197183280718094  
0.5273386008910469  
-0.1128314088156162  
-2.151802156443412  
-0.5462582454415887  
-1.1854102213848146  
-0.7553708605571263  
-0.30609429036942426  
0.20138291530614782  
-0.7146128889415707  
-1.2280134322774248  
0.1743519003462335  
3.073837177817536  
0.021818637019429776  
-1.3791352489849371  
0.406587551660295  
-0.14715906004507315  
-0.21314245364811343  
0.7142082990143375  
1.7824758065579487  
-0.3449156007655163  
-1.630678023220064  
-0.6667823351824438  
-0.6720163209534815  
-1.2361286303333208  
0.2897109590135755  
-0.7913796929265384  
0.4729609381664938  
-2.671536024164409  
-0.5306579888240378  
0.6782524032421667  
-1.5779760353527248  
-0.2749270833378645  
0.2936464410831227  
0.5647520428396081  
0.2899999835586914  
-0.6693715675296928  
-0.5580153070932486  
0.8688642548186111  
-0.28316065074180746  
0.9656161341902246  
-1.5595310592105085  
0.6812269216517269  
-1.205856073277721  
-0.7223553073993649  
1.597419396296599  
-2.548057157697808  
1.8643030814804695  
1.1955231918455291  
-1.3796266185194936  
-0.7640844101073787  
0.9435039716107703  
0.40116315718663614  
2.2215904389060914  
-0.7071314653250048  
-1.0921718756361252  
-1.5017846107471258  
-1.6349308922297145  
1.220260444068098  
2.5823405839774076  
0.6129355096308814  
0.9950437874897509  
-0.2581051496041247  
0.6100158137921352  
-1.4304050416549843  
0.20071710846728424  
0.5070957602626446  
-0.13087385712268224  
-1.04275234994887  
0.757447982269683  
0.6631405116353004  
-0.1163645336197239  
-0.5730170104221383  
1.4180209027884427  
0.6246239734727307  
-3.938229060890967  
-0.6248395140373363  
-0.5665499255820483  
2.0468973683506815  
0.4133950702081356  
0.35060465159842674  
-0.5216706843531832  
1.0726171030072829  
0.9411170986005788  
-1.1471535005967315  
0.9406190551569067  
1.2838646088712762  
-0.013793260128579923  
-0.3527646208272318  
0.6597053425318612  
1.869835615468294  
0.3894672151491065  
-0.22993030523447286  
1.3060045784668446  
-0.2948787522969558  
-1.0390263316444903  
0.2817974637631804  
0.6180827654515122  
-1.655851518186793  
-0.5475604513549245  
0.8233229532665137  
0.6866867253173041  
-0.28327615448248267  
1.5745166712038612  
-1.9677864545524668  
0.812401944916731  
-1.5124553305903337  
-0.952555241759223  
-0.7432855028069076  
1.0465948094859783  
-0.03573358985868325  
-0.7906868605497928  
-0.07848521001827859  
-0.20821125110695363  
-0.7502727911093393  
-0.9837020301666719  
1.4001726451213063  
-2.9396351527716877  
0.09533052636214193  
-0.5661017414505204  
-1.2267621816745895  
1.9170764009104568  
0.0429843101484289  
-0.806416128053729  
-1.184604688497393  
-0.6221170165717121  
0.6955368149816299  
-0.830364927074091  
-1.1094813863325412  
-1.018315623681882  
-0.7095032990552446  
1.0116708459954173  
0.4684310889959037  
1.2217742870736799  
-0.5452961096057161  
0.8213923152687266  
-0.35770333336683524  
-0.4131370224087459  
0.1501773515779797  
-1.227413144269204  
0.9905382032851576  
-0.9759132019778786  
-0.006316591622351674  
1.4195351948883599  
-0.4288729955495537  
-1.3652682322572904  
-0.9066175976628958  
0.3662334309640742  
1.2100608716742134  
-1.3301060155381355  
1.9634709746968066  
0.5476355155983947  
0.8869417010808828  
1.8207116404646435  
0.8910497210564653  
-0.7670139568264623  
-1.7562536624052947  
1.0087889700934944  
-2.4707599427095874  
-0.3865051973322445  
-0.09184096514041441  
-0.3728628855041421  
-0.5117489291628504  
0.3019186859937236  
0.09996220557203546  
0.9728762412238101  
-1.3884243080737584  
0.7134114985429978  
-0.9124867850817963  
2.1523857085182385  
0.11585652574344904  
-1.1943744283186615  
-0.05123531657014759  
-0.10933607178936869  
-0.30106202284319306  
0.5490391848835525  
0.16175367172084146  
-0.07722590009840273  
0.8748977677231462  
-0.09745574040390638  
0.6613081758928022  
-0.455154265333293  
-0.6918232196608164  
-1.5025653340662997  
0.2687974060739757  
2.0593442136707463  
0.3425593960594766  
-0.261161314719333  
-0.19536594004617358  
-0.2505303765375303  
-0.5946823600987702  
-1.8449049343861763  
-1.196614248025068  
0.363172819156626  
1.061173268293022  
0.3322280880733773  
-0.3945188561083127  
0.7894006018666512  
0.2385711910229167  
0.32367370420441427  
2.4143479303557203  
-0.7238910827335151  
0.6655635425436239  
-0.8793167738509342  
1.1156254769316483  
-0.3611060515875419  
0.19689769663027773  
-0.3257646164049144  
0.18971842719883358  
0.4809726633519806  
-0.012278203348965774  
1.2286396772373482  
0.9989119534414946  
-0.69406760635304  
-0.2829474776903619  
0.11821666529784382  
0.1808954966444322  
-0.08262352220138561  
0.7170796104959498  
-2.392923906335224  
0.44208832237801454  
-0.152012110610595  
-0.87135277401744  
-0.33118996816527246  
0.7817826724291589  
-0.847014490676907  
0.6264231043842818  
-0.20516327294560605  
-1.9064888329226426  
-1.2846646745832642  
-0.16629911411038872  
0.56293985975644  
0.042356659425507946  
-0.05094782378478068  
-0.4713657399367058  
-0.3743116036213004  
0.08673313583311588  
-0.16798302175425348  
1.5213111813623892  
-0.4447824605708932  
0.7488355247750095  
0.5688072896078131  
-1.0393741062752042  
-0.46800394985758925  
-2.0458141357798216  
1.4681379056830044  
-0.28801708731350983  
1.5165244585086493  
0.19777459893669605  
-0.5056779518494023  
0.32204505887256496  
0.11573392646521827  
-0.7654123261332455  
-1.176770917528784  
0.7686499231856252  
-0.3516352138890684  
2.4002647006087297  
0.9645139184138977  
-0.17213871111307147  
-0.7846244232328285  
0.8085826669821707  
-1.8099081893394269  
-0.7573437654359886  
-1.2864288645513682  
1.0691521191267834  
1.61779127204295  
0.20207657890008146  
-0.08071593185571056  
-1.3018207648570097  
-0.27698758614303154  
1.2524343466774797  
-1.3315367516490288  
-0.5659074400472581  
0.6654405672595156  
0.4290914003602837  
1.239577174180465  
0.9979931385134965  
-1.8441110920193016  
-0.32515262802617545  
1.0800627363905577  
0.19512553354522252  
1.2989772454778041  
-1.7314909799210847  
0.1758850615344606  
0.08170227401411731  
-0.014816277581454332  
-0.13267518746480372  
0.8501912773976614  
0.9072789061105431  
0.8812669643859089  
-0.4450805283689975  
-1.3102726138300866  
-0.41830691830897726  
0.8490513752266898  
1.3010025923928648  
-0.7030962168259122  
-0.13238281516569625  
0.02887054958082839  
1.5606124193243287  
1.7688816332861927  
0.3525767803743297  
1.3622856721329064  
0.5173354470593525  
1.1494108671639856  
0.37879255877601353  
0.9588238870625786  
-0.9999871131016808  
-1.8218205684392543  
-0.423495599284616  
-1.0413499091583964  
0.3352971152925586  
-1.3645868985691383  
0.599679899526661  
0.7109931787903953  
0.43822897366997693  
0.26630387878040107  
-0.4369001027951704  
1.0662927268639497  
-0.6380052077668984  
-1.0882379757298812  
0.8624885231087125  
0.19299154014635725  
1.3395441041630574  
0.3727982881854203  
0.4907689357804088  
-0.17177643762506958  
-1.0847037481111863  
1.6922313445278794  
-0.4198472584045931  
-0.22140231408255276  
-0.4247883228252862  
1.4455491002352743  
-0.03149576396541395  
1.1634270359270942  
0.44607708313423744  
-0.16130964602191983  
-0.339670413451803  
-0.06623429619348299  
-1.7651878987611467  
-1.2118157367126552  
-0.08630065914358358  
0.4031409933857299  
-0.2209076770478467  
-1.4964085706281016  
-0.8992781954498614  
-0.41530801833297465  
0.6067778442338838  
0.038342401643560405  
0.2595454645430963  
1.5051087422656466  
-1.4676542149092946  
-1.3835861152206415  
-0.3361393556747084  
1.2343506440122642  
1.2431576899174879  
-0.20766109777684147  
0.3632355508017723  
-0.8847785001625321  
-0.658562333943435  
0.4603336274035387  
1.9188334514210659  
1.230128652208576  
0.1959743752632806  
-0.007964373829530814  
0.7328374803107175  
2.442176666910851  
0.13319783808669378  
-2.028897112279631  
2.4227098428450806  
-0.2518814832901432  
0.2070533937228234  
1.4493011062728736  
-1.171723858604501  
1.323272044184858  
-1.5225428890983717  
-0.03128253835451392  
0.8966979102137413  
-0.8182888210430865  
-0.5458760734206446  
0.8222380713069172  
-1.051516753124587  
-0.16197598513443934  
-0.5825963485473704  
-1.3514087082426698  
-1.999111183589017  
3.2111393739302505  
0.038252106058783236  
-0.21528089436689585  
0.20035008705155213  
0.17510848882363292  
-0.8534442619971364  
-0.2882686470315237  
-1.5221030242971396  
-0.03294725253474987  
-0.9082233842795578  
-1.4080407957351195  
0.16512904201447284  
-1.3356148720728258  
0.32539137145536484  
-0.901955900892444  
0.34019307139075955  
-0.31794882160561183  
-0.24426202182810514  
1.3433807172187615  
0.6579931312914409  
-0.844971913008826  
0.26176861259987394  
-1.2927362079817961  
-0.6234377619202939  
1.1087173805364448  
-0.4259822268958125  
0.920688183296028  
0.507197024376748  
-1.2617760836992296  
1.6168514291419767  
-1.4426769883834503  
0.19499650735242585  
0.11020961204509028  
0.9580156467689762  
0.48745148880285305  
0.07290500118002245  
-0.8363301477241654  
-0.5462117536569112  
-0.20506741855993052  
0.2656166104280972  
0.7667124190570132  
2.0054006553880535  
0.682713974999026  
0.47984639021040176  
-0.13827205180557123  
-0.505520672239925  
-0.2548612319939354  
-0.9100159912372114  
-0.3563628530450264  
0.7958581257416139  
-1.1041541969144804  
0.10955279669707832  
1.5534258497431326  
0.39776292661198825  
-1.427183660669416  
0.8467541726943414  
-1.5787119175798887  
-0.09513621213330438  
-1.1853516633998997  
-0.00960817737327582  
-1.2361752442615148  
-0.3532222921237651  
0.782565086436839  
-0.8245681051654229  
1.3260302752822974  
-0.8083928238007329  
0.31074125619781023  
-0.34320358976580856  
-0.5220030328331011  
1.0347420786979618  
0.6293399654714904  
2.018868121494275  
-0.9371943778739937  
0.5488841073741381  
0.384805400762976  
-2.550201183840791  
-1.4751776208345382  
-1.046653225952629  
-1.3860309681046286  
0.44508226554251984  
-0.7482510587804613  
0.4948810865900878  
-0.651965362870411  
-1.4064734758808097  
1.0089838681821381  
0.26426605451449403  
-1.050058008801606  
0.004724822259992287  
-1.9905069265124162  
-0.11930640363313337  
-0.08389121294107604  
0.04361942731865969  
-0.5350996954914051  
0.13225170911353507  
1.7240106594458404  
0.704566117101679  
0.2190343472792043  
1.0447124900930858  
-0.31250709228744644  
0.583290908268323  
-0.5379370142476699  
-0.9615705071929379  
-1.6230610595096941  
0.2827620176043393  
0.25528312531482233  
0.686450112476946  
1.808006330416882  
0.7378086872119008  
0.8908290002095999  
0.5956472891827524  
-1.3412937127101137  
-2.4350633365397494  
-1.5955531100630083  
2.295002883539689  
-0.4602789982775823  
-0.7502279493349415  
1.2702110657150314  
-0.46530630953285845  
1.7356436074754262  
1.1147530784160526  
-0.1553555447650997  
-0.28069699717222546  
-0.09910662017351488  
-0.0877564881327977  
1.0973868287443478  
0.3443299554606119  
0.8598687851636581  
-2.199971154197119  
0.024847915848582362  
-0.6256268963901136  
1.365796301453663  
-0.8689530169570968  
-1.422409093190037  
0.2921055698300633  
0.16129184466767682  
0.7437831077091718  
2.0652730685593284  
-0.3530674162706835  
-0.951904720645978  
-0.24864602520304524  
-1.2395301909563041  
0.007813753548206438  
1.6250962884036384  
0.3274318036134236  
1.3951372183991921  
1.9135532502712727  
-0.0554398319905877  
-2.1537276105028957  
-0.9240537577449129  
-0.2980104399460868  
-0.5002591110556488  
0.5691421583013037  
0.5681826673974439  
0.8673133406920571  
0.5943662971277086  
-1.380636228892101  
1.674015421679131  
-0.5215097516232037  
0.22782840041404956  
-0.36206066786729024  
-0.36446399619978614  
0.13970993366457035  
1.4479813639461894  
1.4623849589942364  
-0.40294797171333596  
1.4731663440003016  
0.7824502679143389  
0.4364279592568868  
0.8287445386775169  
-1.6715604331314848  
-0.3678463772368117  
-1.8180028364809624  
-1.6769915562286506  
0.5007660083218227  
1.041059971343968  
-0.15946842624054516  
-0.48396190411724554  
-1.0942996566194603  
0.8075586907814288  
1.0938952813997171  
-0.1996568259480977  
0.057301958275210826  
-0.3299344077461558  
-1.3832057976829406  
-0.1375979732667395  
-0.8046210469984019  
-0.33316168768579485  
1.5348800062799486  
-0.3463874773247308  
0.6495747828268276  
-0.6080996608267607  
1.4026882364867599  
-1.558328336540155  
-0.6496462602628795  
0.4659006939838001  
-0.7415916393624717  
-0.32968003058625384  
0.6446162532112145  
0.6500919095375658  
0.8415860180008855  
1.115861630230522  
-0.464019644222898  
-1.6536437977831895  
-1.3476842457540614  
1.5268885050650707  
2.170797988632246  
1.2997658703001933  
-0.7628246353738889  
-1.3003113128365411  
0.5839383422555421  
-1.0192268000715723  
-0.7095618810826911  
0.49549823646053404  
1.212743519880231  
1.0099948559597467  
1.7132513098560465  
0.09006470071449317  
0.9900531010898098  
-1.3567276043468948  
-0.0787529118067517  
1.381308818083459  
-0.6567015412383882  
-0.7931580445140944  
0.42917891255549645  
1.142025118914436  
-0.6588575466530244  
-0.5379548063885887  
-1.1159640005241727  
1.5395350752494459  
0.5921770340895313  
-0.7182724872835331  
-0.09959072331816067  
0.6424238484103494  
-0.4643144923505903  
-0.28579626486149673  
0.2656607829430069  
-0.4643456836388073  
-1.385051680822312  
-0.43958044269372787  
-0.7138611516740534  
0.20909786030937344  
-0.08616655431210654  
-0.055867088482801995  
0.2874698950214487  
0.23817356615369759  
-0.697449899858916  
-0.02101235018297978  
0.585110056355876  
-0.06556628043387963  
1.707087738264639  
-0.20908028086816152  
0.3068889877767711  
-0.34052825751422544  
2.0812633981250985  
-0.04593790976778384  
-0.6397122084372523  
-1.184728941402904  
-0.5673998225410876  
-0.27940199244960867  
0.9871038082553687  
-1.095395639132371  
1.3263186241902685  
1.6254699419891616  
-0.12289036790253556  
-0.0695238404154898  
0.13718764991847499  
0.15954554674391955  
0.31790364941823407  
-1.0749676534501154  
-0.9257138207827713  
0.1916075784166409  
0.774417460468793  
0.4054027342305645  
-0.10490882771329757  
-0.977264732442112  
0.7617873212511236  
-0.3885561395840055  
0.3463803461493004  
-1.2612882860499777  
-0.6405026116829039  
-1.1516150988368172  
0.6880283370998779  
0.9850094806289176  
0.16404969229516808  
-1.0319271126910827  
-1.148361846971465  
0.11871758544058417  
-0.5393025888324596  
0.0806429083173443  
-0.4295597689149031  
1.166880769848054  
0.06046923324776108  
0.046219481370652536  
1.0660394010251828  
0.6717042962636035  
-0.7103714811423913  
1.2106340871604095  
-0.030856768418671163  
0.22615817253281625  
0.7218030475680033  
-0.5637696950432592  
-0.2981900331521679  
0.7136599336477074  
0.3462947917197619  
-0.03206130226260606  
0.26706761068990603  
-0.17404767022512643  
0.7005695431988357  
0.33803365404780117  
1.315621564870269  
0.42264957140965176  
0.25456004471308535  
-0.7982126360576927  
0.14805827553126924  
-1.4535458075071384  
-0.2099616560363551  
0.08555576742105989  
0.10168639616498339  
0.2843305957383461  
0.507214973053531  
0.4944929848634272  
-0.16369794317274167  
-0.7027460263690585  
