0.17624202211233975  
-1.0627578786109082  
-1.3737279454961198  
0.5562207546833067  
1.2809601679756912  
-1.4603762307123003  
-0.5507616525593457  
0.3916861902651405  
-0.04649039482345474  
0.003449291003639665  
0.6579594942104197  
1.1064624285449796  
1.4796773992176713  
0.3238724014475989  
0.4398592168043489  
-0.43078940082353867  
-1.1072373351695046  
0.019938475261100264  
0.21906251471266502  
0.4046830678497515  
-0.24824693643472684  
0.18505367293524122  
-0.4526759630689672  
-0.22220188473814306  
-0.8736887194276695  
0.9595990674208656  
0.8155618590321567  
-2.3132854192907337  
1.371953262133198  
-1.0796721026059035  
-0.7130721991668572  
0.5815066581449819  
0.7807304234571262  
0.32837161150481586  
-1.927166370302736  
-0.23527177787582176  
-0.3536724435816385  
0.8135543560627645  
0.12038404843763573  
-1.5419107975293187  
1.6557103801883397  
-0.5538837504369631  
-1.1329264041863232  
-0.34423909422856647  
-0.15655679090691654  
1.369864785740328  
0.3193846922996648  
0.6200742602928107  
0.687197887355371  
0.7373803840006685  
-0.37774608206341953  
0.35800342525058837  
-1.1128999742125372  
0.12354567965827168  
-0.28124386357637476  
-0.5007441139980813  
0.25066300660119945  
0.16531444596311884  
-1.2770282617422937  
-1.4469007237936962  
-1.7395767010518841  
-0.34056313993667353  
0.7484787367391148  
0.42983428680792146  
-0.39498533170232264  
-0.4344506918861608  
0.5694057293462853  
0.5860058606467933  
-0.3978665268518189  
-0.06039186662494056  
-0.05295497206423816  
0.8217104328185958  
-0.4625023961913597  
0.6650111637087548  
-1.0835203876687578  
-0.07343258981437506  
-1.1623369498766962  
1.4959768308112422  
0.3501984635900348  
1.0724979656918312  
-1.366321544155383  
-1.1442422015493303  
-1.438199703322712  
-0.7183864602726329  
0.3799411849777157  
-2.2687821060211624  
-0.8232915106859808  
-0.8028498355572631  
-0.9774763227649803  
-1.282332469725164  
-1.249080491128263  
1.233644824498551  
0.822408801440635  
-0.7340552678460994  
0.34526788190327107  
1.0325325374834657  
-0.5206578803306223  
-0.40462336274389155  
-0.5883133219130732  
-0.4959445949636778  
-0.973514868656598  
0.31901206787099334  
-0.7206194988870915  
-0.11848005270091377  
-0.3714010138682051  
-0.3431723496587009  
0.2456401809905504  
0.0820586731596431  
0.30572149848231467  
-0.14841638000508728  
2.577765220202757  
-0.17270056528565592  
-1.0029272505810958  
0.7167257499427624  
0.053474647234804884  
0.8635127034633101  
0.3536174153973799  
-2.381097781878653  
0.05107860569728162  
-0.14107808983130177  
1.2486099912636182  
0.526121963586313  
0.4526057251767641  
0.14521111780386087  
-0.9655631807627452  
-1.4235902459654277  
-0.6042264715615189  
-0.27779498220196097  
-1.5930980836608664  
-2.4781705613001446  
-0.1739686059205734  
0.05224527804231238  
0.1945272427956486  
0.3023826309880653  
-0.2976759535738416  
0.4380209924375227  
0.9034764376639228  
1.2508378918864813  
-0.10931621783000489  
0.10128044597597219  
1.1156804515920233  
-0.44916031651916577  
-0.850844179503178  
-0.4045346453371399  
-0.6814620697638383  
0.5246723210523023  
0.5363011457225364  
0.5855003770627278  
-0.13831254731088838  
0.19805541844925978  
-0.6059224529406966  
-0.8114329625894652  
-0.8617006112751022  
0.20970099769535921  
-2.040258824191309  
-0.5177412602513851  
0.46253904917135946  
-0.5790244783656147  
-0.9832067304927441  
0.6282265813371708  
-1.4079112164860168  
-1.0122123029135717  
-0.1965506652997706  
-0.6902309235462876  
-0.7217452304304741  
-0.5469879295110813  
-0.5511759579179494  
1.276022525111648  
0.20903599531939077  
0.32976267834100703  
0.26584437352713874  
0.3254345253227182  
0.6879743986352627  
0.5082101859058934  
1.9826875658058725  
-1.4869104119909122  
0.11566456721915652  
-0.11093229959357886  
0.45984900076175883  
-0.11483942803702663  
-1.0453342853429741  
-0.7179062375186125  
1.2092969114963878  
-0.3085916297084368  
0.8427268683923681  
-2.1599991860998533  
0.8636471725539199  
1.0506446125830013  
0.036301544491191606  
-0.8562284130766571  
-1.4028490945905123  
-0.4373721615378663  
-0.7521551064550576  
0.18919589502253853  
0.8495790501453013  
0.46050359582345357  
-0.23778575683483383  
1.2470936734171523  
-0.6712391647107678  
-1.592516190060474  
-0.10698108328479261  
0.28612676436094864  
-1.5110210906634798  
-0.11666435803120212  
0.7686602817119201  
0.6806371487533538  
1.2675082636107693  
0.6925472294009092  
-1.4815212783162477  
-1.021990882324127  
-0.8478915299646381  
0.22371216679747352  
-0.23402693188251167  
0.3865708447683911  
0.04169789773435317  
0.6366963000464423  
0.22167799541212507  
0.7356642195561605  
1.1963975819380728  
2.13517172959088  
0.31435466866644046  
0.7522304021577271  
1.9176329986385243  
0.15759799406752983  
1.6449195320317906  
2.0004534077024116  
0.9902065335174846  
0.42686778715059837  
-0.6296692856674999  
-0.3129570452097601  
1.7851655666112722  
-0.8807916864069762  
-0.20273274005159614  
0.11120743839119873  
-0.2028051305604981  
-0.867360860000794  
1.0066646909115706  
-0.1954254297442295  
1.2821349798127757  
0.3613055117115054  
0.4597790019039607  
-1.2673135700843612  
0.2187323724513801  
-0.3692948391168611  
-0.718334244845205  
0.4407564502925698  
1.5649015966885942  
0.6377585094790088  
1.0219995875394923  
0.03494814672870539  
-1.1742682732582894  
-1.3350691693972334  
0.5197712099816914  
0.10233600540385912  
2.0862827256274996  
-1.1808000738818665  
-1.383529629507952  
0.8190051533215565  
-0.4030506085614405  
1.4345311109446837  
0.7819359373486388  
0.21482585337193894  
0.7160042168607696  
0.3401573810117393  
0.7880881467693182  
1.1370173364980425  
-0.7744320230894881  
0.1258778348437224  
0.021147360721468278  
-0.1444810295032286  
-1.10535377384721  
1.5597044240416997  
-0.6769502481397252  
2.0284315271846154  
-1.4552892523027068  
1.2026128670937946  
0.7629610265848921  
1.4558268217075585  
0.14597831395559768  
-0.4615939953842638  
1.4527741480968464  
-1.4050243662606023  
-0.45737533238625594  
0.7926428305344124  
1.6957517557816122  
-0.36411004156183524  
0.03545521926603512  
-0.3399176810535438  
-0.8643474790464998  
1.4414140256437742  
1.0960725104933355  
0.8460877473649262  
0.746633181602915  
0.009430427878312608  
-0.5335565352202771  
0.4575746467738637  
-1.6730908870863606  
0.22137097343921397  
0.5873354744677253  
0.06692706643495794  
-1.090962333993943  
-0.5313223276153314  
-0.9476051838469726  
-0.475169797157839  
0.13666712168234052  
-1.9168203269939634  
1.469140630039327  
0.4442158411328172  
0.14322596015399003  
0.45026185018098985  
-0.37639710927198755  
-0.2285962712148808  
-0.23160780618396504  
0.25217639006240655  
-0.6684295030474328  
0.5939690907289239  
1.286519051973539  
2.2072964202695387  
-0.021716355567420687  
0.7469991593800374  
-1.3314355060969458  
0.2813941114742027  
0.8487288090422536  
0.6832352562444466  
-0.9680791061752723  
-0.44698084257523885  
0.7665527877159319  
-0.1722513686543452  
-0.4573175190663885  
0.9655704215790217  
-1.1427236181860163  
-1.543331471619016  
-0.789228760552795  
-1.7939206151662064  
-1.0073186419047455  
-1.2834129527349805  
0.5478995794320958  
-0.8701129134909307  
0.6834834373070036  
-0.41723744772702065  
-0.6877883536628648  
-0.9896348155851791  
0.5433691751482577  
0.7492955232238157  
-0.830096853315724  
1.2517665507058955  
-1.3731001806207723  
1.07733453818901  
1.9714115790392914  
-1.4283314106896519  
0.6437614161851766  
-0.09634747863000759  
0.4366465139822777  
0.02314950064750243  
-0.14063400928353254  
1.6756174429324864  
-0.6451673278932681  
-2.5543488557761167  
0.6111582438715624  
1.0923685043297204  
-0.1281975039582246  
-0.1314046459538898  
0.499625222447303  
0.7974083732977932  
1.0127709917421353  
-0.9104158308782133  
-1.3841371730551935  
0.1805263070482992  
-0.44302187409924976  
-1.2166769689444166  
-0.2785588144308768  
0.587506437215717  
-0.2758618444822569  
-1.2018949571229203  
0.6194857010825117  
0.35456594843351374  
1.4530572383735734  
-1.1437394528382856  
-0.7069776502521217  
-0.867811630563013  
0.7872312617131934  
-1.7750070212801703  
-0.5538864988989911  
1.785151890239258  
-1.8476481669291063  
0.004732913922973925  
-2.7827846467026904  
-1.10901717656999  
-0.39204067679193355  
-1.1533598987722158  
0.6462585220398196  
-1.3988870889212637  
-0.9093293232817299  
0.7069134871612905  
0.1406898636384497  
-0.6185685496805531  
-0.6312030858449893  
0.522658191441693  
0.6350860622131993  
-2.665698728195676  
0.4686240072119574  
0.020653581164838064  
-1.051411545491361  
-0.6608477928326193  
-0.637440226473382  
-0.347415139392947  
1.5550282491145455  
-0.10582464670800684  
1.0399601746826368  
0.6380974431821682  
-0.28684689396754814  
1.248643649196748  
1.867284595347761  
0.259785148797403  
-0.1928534027981783  
2.591022278652813  
-0.5912519344179397  
-0.7545848665141237  
0.6270385696754537  
0.6641605174148921  
-2.5995028631061095  
0.6416919640200431  
-1.5692640097649029  
-0.22127425985887839  
0.258404568811047  
1.929939619980485  
-0.8947150706547329  
-1.4138930473288354  
0.6887935219142662  
0.03765637502579944  
1.997348303974255  
0.33456636515216087  
-1.2989013285073996  
-1.2447983034014232  
-0.5671426196163889  
-0.8349655490729762  
-0.30748232063299974  
0.7098233233016511  
-0.4448819698651638  
-0.16800943552563363  
0.06535195293907026  
-0.6513811843420545  
2.466352124804383  
-1.6469448716144226  
-1.0443067519439941  
1.902246503315925  
-2.109604263380103  
-1.0662036884434591  
-0.7198330230062968  
-0.23135608921687223  
-0.2646300094173779  
1.1328008240427399  
-0.3263955653798276  
0.0560532650778196  
-0.6855011581366843  
1.2906346599971594  
0.0256988332428989  
-2.6426544778733367  
-0.8934266061768532  
0.6619399750829922  
-0.08309313900499404  
-1.4436624744470505  
-0.80081846759451  
0.36333565827377234  
2.1570334860516445  
-0.8121234712472196  
0.8460680510167511  
1.216179338976398  
1.4138304844642418  
0.797072308659764  
1.4219555373903272  
0.37286153888534246  
0.7698527439824228  
-0.5091799776026058  
2.2197038306264587  
-0.26249899549342715  
0.3290309051310447  
-1.295971964698718  
0.5882800830288755  
0.973003795154223  
0.552996528640797  
0.4417805438463185  
0.3274776805454327  
-0.04171226771913328  
1.6345067594894227  
1.1890800122703555  
0.03959028917135776  
1.0225720747234894  
0.5978307841122894  
-1.2002321188782588  
-1.4233441057514316  
0.5658598991070973  
1.4222838209238637  
-0.37133030967189273  
1.4855486595179972  
-0.6833499994499836  
-1.0594214871719816  
-2.927203637622241  
-1.1293260342376479  
0.5750408795280113  
-0.1431019823653481  
0.19458499447858113  
0.18239640230075604  
-1.6297990322988851  
-1.8466547612291504  
0.3962829569032704  
1.1227028422915104  
-2.498593719136898  
1.052555796898433  
0.5806371283340312  
-1.094407350053815  
2.0450656884638967  
0.9692011599884471  
-0.2295041741636188  
0.8549197264534252  
1.5259115508138799  
-0.79498282225993  
0.08149950572035713  
-2.437873933594021  
-1.243888649748066  
-0.5410449321379214  
0.404899731586448  
-0.9204234580677635  
-1.3790357481782556  
1.0379283901665273  
0.6501501016477682  
-1.0287282426155095  
1.9046013673589628  
-0.6095776366941037  
-0.7841757912476535  
-0.7770746255021381  
-0.3213473927289079  
-0.1624871970261863  
-0.007777100161875383  
-1.2243320910619981  
-0.6283658630538549  
-0.6764759682044339  
-1.403399314899134  
2.4255924132412563  
-1.4197644030096561  
0.3236275319652513  
0.04466607152652968  
-0.10638695614813432  
1.5988659387106667  
1.0928713365722416  
-1.09822931384285  
0.9593707581408242  
-0.9577982762465711  
-0.023256565348288127  
-0.5575950728395189  
0.45707534446910736  
-0.4477447629854423  
0.3947410649273484  
-1.4881988839522278  
-0.38581738245274333  
0.022914683648908918  
0.13502713978622882  
-0.5154277611644111  
1.2217751303803404  
0.07481414110381168  
-0.5150046337959449  
-1.597200725901876  
-0.3636044501520681  
-1.1601955273879667  
0.2733164113320705  
-0.7981021388496441  
1.1396598368165427  
1.772015873656725  
-1.5778162595685277  
-0.6428928030384624  
0.07430967285700785  
0.41420656490366303  
-0.02310676095911135  
0.0758352810248839  
-1.1275862609577738  
-0.016489223523874053  
0.10335868839496509  
-0.3789065971189267  
-2.6312561776164447  
-0.4468918801419508  
1.4974769404261958  
-0.8766277011703929  
-0.4968794109318795  
-0.8478972013065929  
0.25463449537637195  
0.6927392900536928  
-0.41392005977450985  
-1.884232875776107  
0.8038617863069215  
-0.0878559738746656  
-1.748678384216562  
0.4468019572975295  
-0.3108885286845495  
1.1828614781230513  
-1.3838443548642942  
0.46121474854279754  
1.0799473861604918  
-2.2240606878423024  
0.6859390402682353  
0.17203123090532624  
-0.3360540124981497  
1.6967746404089745  
0.08300204760749375  
-1.3660664902795077  
2.050971142164511  
0.8663025930333106  
0.6860634689984046  
-0.8081883580955898  
-1.6979705259959275  
-1.82015474394554  
-0.13504292887335922  
0.3515355755165419  
1.0582273512866076  
0.05299618729282285  
0.8491589128507122  
0.2996674790553877  
1.2577849310849996  
-1.106992115335406  
0.868519817738707  
-0.6830585048229656  
0.7170221786986526  
-0.22578155616688034  
-1.2642319502449637  
0.23318133731228707  
-0.11524907279374852  
0.43010096682120236  
0.8572723084685037  
1.3532440895949498  
-0.5605176990899592  
-0.17163095113124638  
0.19868089525841137  
0.15075303654656524  
1.0278266447014905  
1.6796884478045053  
0.23972242847450187  
-0.39065328146796596  
0.45561948294339105  
-0.2469031600723266  
0.31968722004386607  
-0.38503600434621665  
0.8987342409781738  
1.1819454441353792  
-1.1601815607099606  
0.09736252407528379  
0.23652484776846538  
0.6484770638288722  
1.501522230510752  
0.6634856392926722  
1.0024258258162524  
-1.9420518931347033  
-1.2411184629055942  
0.270444403975151  
-0.7495252182763552  
2.0438798659346826  
1.7045057491829645  
0.5405004188023426  
0.16047505442940047  
-0.9604459266338834  
-1.3577620684370844  
0.14749608500114064  
-1.8837260600830232  
-0.9920631168885297  
0.13160374163116106  
-2.1642440792544932  
0.2995603665264672  
0.13264356461001614  
-2.969404461752808  
-0.18622416328119407  
-0.05890402409862916  
-1.4825592621156234  
-0.12809023744091208  
-0.5071480591290578  
-0.9988525825708954  
-0.17690558416682278  
0.09063798381271249  
0.6694257387459068  
-0.5175770568458837  
-1.0670214013294923  
0.6821708896793848  
-0.640041584437371  
-2.583715603568433  
-0.3885038116429671  
-1.0584510497762902  
-0.9477993030596554  
1.189958769442408  
1.5451954005721498  
0.4947922915331  
-1.6912679261180132  
-0.5873448092521341  
-1.867165699088188  
-0.10213978783243616  
0.5678553009052931  
0.2991217101048502  
-0.7481035821379112  
-1.0164853451109004  
-0.8315577592333272  
0.19185589014464655  
0.31751855892287817  
-0.3864905565414516  
-0.5806878030303977  
0.9985739390316632  
-0.7089676675894263  
0.629384823346981  
0.11913298408534856  
-0.9525714876958626  
-0.5431408532332265  
0.5550785873272599  
-0.6342163728774419  
0.4650512815115253  
-0.14711513631328987  
-1.0992580716770486  
0.7662902873471489  
0.21449956828540429  
-0.2308237002361615  
-0.13802991733641035  
0.6258443469221762  
-0.3798959404444877  
-2.5566399197053356  
-1.381348691396645  
-2.0008792910676685  
1.7575061893654431  
-0.2191785480656563  
-0.1811518955645144  
0.7529007715945819  
0.49862681866829717  
-0.8818188008610501  
1.1566189670772846  
-0.5553943949958886  
0.42812217987850265  
-0.20848449772580935  
1.8585667519998381  
-0.462878904225126  
0.19850466479910311  
-0.6555337780947543  
0.764894957060517  
0.21863365880790542  
0.7763045661495049  
1.182564289854551  
-0.4505638949504709  
0.769603846060426  
0.5705658641279374  
-0.5404528118096599  
-0.582379466868161  
0.686244629893775  
-0.2607019813779117  
-0.7987595791486566  
0.9275586674950898  
0.8739250582306848  
-1.8542231931911493  
-0.6872388432129757  
-0.14926633115744092  
-0.2969201808375903  
0.9382744450684384  
0.7928473968686331  
0.5162948313703009  
1.7465966170362617  
0.2353124152431063  
-0.9855952651454063  
-0.6904339270473687  
-1.114232571934935  
-0.5258252723066101  
-1.1420811715285235  
0.3447038723324001  
0.9461813503197876  
1.3052550607262312  
1.400027412662912  
-0.29971050836078916  
1.4482341831446233  
-0.416361301605382  
1.5628710479275902  
1.3206164132742482  
1.2334459485729579  
-0.8351785435121228  
-0.4628604430712191  
-0.5950813123738359  
0.15832137223266618  
0.3013617561317612  
-0.27133595959031154  
0.02582824023373398  
0.8634379002899426  
1.3809445508645932  
-0.5226382485760641  
-0.4323976467195578  
0.9498659018301097  
0.6363869167096041  
-0.6771513446701876  
-1.0971781786236512  
0.9319360890769262  
1.7199013009743813  
-1.4942455420853575  
0.6069278885101617  
1.2482475660847467  
0.9105414363271278  
-0.44093063241917596  
-0.9827579641480098  
-1.4457601265475222  
0.03955949011710813  
-0.9278781949764137  
-0.18879888801374745  
0.589800378915482  
0.19345516669033924  
0.5421342307237098  
-0.8696388171029754  
-0.6486277748749831  
-1.1941594991500373  
0.16301196546625318  
0.9667415940590485  
2.2285305650352614  
0.021303187306379145  
0.8305340147698752  
-1.1983148284531893  
0.9591358146911277  
1.4350834013182368  
-0.7976171224118904  
-0.26241350438135025  
1.729877558365901  
-0.2907137251128489  
-1.2848174582326226  
-1.0023664551831686  
-1.3320142101465406  
1.2690309677832845  
-1.1608630220954583  
-0.06751292966755784  
-1.942753946157926  
-1.1125701296104276  
0.3928189762926666  
-0.12895387769495525  
0.3058186004629342  
-0.17858114796738134  
1.8888479795199136  
0.7656770915405615  
-1.5569502227263794  
-0.635301711343842  
0.8474864756554077  
-0.6635844623841509  
-1.2848063565713883  
-2.0444834265392102  
-0.7681676903781347  
1.2268672779821175  
0.6025062999945336  
0.8232174666059988  
0.6799703234701422  
-0.8716868226352439  
1.255578179767165  
0.9699380476306312  
0.9294755999535989  
0.5121788197461514  
-2.4664428719124327  
0.8312058313533732  
2.0293523916684486  
2.739422092596958  
-0.6074098195347744  
-0.4694977230919455  
0.1867127624003393  
1.262444247656916  
1.0717786275678292  
0.540759025028037  
-1.035878945694329  
0.12637813894301075  
-0.5915807457220488  
-0.9360828627438547  
0.7610642898944129  
-1.1247848470349493  
0.9659490795406545  
0.4208669702510597  
0.84691869138225  
-0.8481070274233558  
-0.9346625002547786  
-0.06422255495946172  
-1.5334730853482283  
0.4572558823576909  
0.34314098529317283  
-1.0151782818546586  
-0.7858412609014322  
-0.4455594378167327  
-0.30033469477419983  
-0.13266168852279203  
0.22656647221869175  
-0.11046765481622312  
0.7336391642828333  
1.0657144998371801  
-0.46388839416260375  
-0.025010105908838343  
-0.6971428463459184  
0.8525026766391224  
0.5245241807390106  
-0.058302455221263205  
0.18076796584091737  
1.068678752346387  
-0.8594383746802494  
0.23983617665721746  
-1.3869734901263442  
0.6757960821785802  
0.33484290703442254  
-0.28832629749553673  
-2.353674855840091  
-1.2818366016190637  
-0.42106164257466827  
0.08385569336400533  
1.083638256303084  
1.582198889734039  
0.6825594966870139  
-2.3680282867290288  
0.3473102510085724  
1.5291740770574989  
-1.3740826049813637  
0.9197710637307699  
1.8524688003371206  
-1.317562659812945  
0.5261025003927555  
-0.1833642684227288  
-0.4498846546584949  
-1.2035869193952913  
0.1276713358340611  
1.2614104468143372  
-0.029535472588724465  
1.0374936387423623  
0.7463380060243747  
0.005501564541496418  
0.42837059228975716  
0.955680458075117  
1.7130286909844115  
0.08175407619898367  
-1.492793611769321  
0.09158351274076137  
0.12630800799994324  
-1.4708340066878016  
1.7801186830304505  
-1.1717380546379943  
0.8704664629274184  
0.06488527372609387  
-1.9251836199415655  
0.08551533275464784  
-1.490308342249876  
0.19407202979778226  
0.34754006782479574  
-0.056387078874900576  
-0.7619355843701026  
-0.3360838365876817  
0.5474187184182704  
-0.07533103663277019  
-1.480473041203397  
-0.6815288799999051  
0.0256267426650596  
0.12306792292244428  
-0.07870272362346942  
-4.9936245850368266E-5  
0.3789881439638181  
-1.7314675154721788  
1.5544934766068343  
-0.19215941333707898  
-1.498208393574535  
-2.0341602527060347  
0.6070048447072398  
1.260724914023935  
-0.5122935687830426  
-1.2111774698672404  
0.12896659718974735  
-0.34795147816121874  
-1.6400192411130154  
0.14661556468488945  
-0.5669601309552152  
1.5206307474527043  
-1.200256749686234  
-2.7122280267925882  
-1.4246813176551079  
-1.9352071126985768  
-0.4399963866092056  
1.5612990964136981  
0.7813482182320344  
1.8918850501766182  
-0.25401577849366497  
0.7546085547686576  
-0.20506242914685013  
0.021161805856653615  
1.4859759564853356  
1.5167081219965688  
-1.0871508154390075  
0.7557134238108896  
0.6700106932552901  
0.3432050932525179  
0.6996305924378758  
-0.7925208958135614  
-1.2684476655778296  
-0.049612513220266496  
-0.755056569726835  
-0.17793944326413125  
-1.5824185289847275  
-0.16293868622846142  
-2.120911005289022  
0.1847976797819706  
0.9179754995555456  
-1.136828848485206  
-0.33846496943706095  
0.697512168180457  
0.0859163905268463  
-0.18954823493066475  
0.32483467817327183  
0.8472923585955348  
1.5230388839631495  
